1 0 2680
2 2680 2763
3 5443 1932
4 7375 2417
5 9792 7155
6 16947 1557
7 18504 1141
8 19645 1141
9 20786 1134
10 21920 1142
11 23062 1142
12 24204 1142
13 25346 1142
14 26488 1142
15 27630 1142
16 28772 799
17 29571 1121
18 30692 8064
19 38756 5536
20 44292 1325
21 45617 2008
22 47625 4749
23 52374 6769
24 59143 8165
25 67308 3906
26 71214 5522
27 76736 1242
28 77978 8821
29 86799 6053
30 92852 2066
31 94918 4445
32 99363 1941
33 101304 9356
34 110660 2403
35 113063 1274
36 114337 2927
37 117264 2160
38 119424 3016
39 122440 950
40 123390 3787
41 127177 2597
42 129774 1518
43 131292 3406
44 134698 1660
45 136358 6364
46 142722 2470
47 145192 2156
48 147348 5065
49 152413 8549
50 160962 5186
51 166148 1101
52 167249 1312
53 168561 1475
54 170036 2473
55 172509 2365
56 174874 1825
57 176699 3501
58 180200 2425
59 182625 3927
60 186552 3750
61 190302 446
62 190748 13446
63 204194 9634
64 213828 2465
65 216293 2089
66 218382 2435
67 220817 2660
68 223477 6371
69 229848 7986
70 237834 5214
71 243048 5937
72 248985 4555
73 253540 2501
74 256041 2488
75 258529 7400
76 265929 8550
77 274479 5434
78 279913 655
79 280568 2812
80 283380 3264
81 286644 1149
82 287793 1781
83 289574 1926
84 291500 642
85 292142 487
86 292629 606
87 293235 2578
88 295813 2517
89 298330 1924
90 300254 5768
91 306022 2037
92 308059 3823
93 311882 8168
94 320050 4204
95 324254 2387
96 326641 1580
97 328221 3011
98 331232 1780
99 333012 8347
100 341359 1703
101 343062 3760
102 346822 2462
103 349284 2056
104 351340 2571
105 353911 3448
106 357359 2537
107 359896 2529
108 362425 20198
109 382623 8444
110 391067 4396
111 395463 4503
112 399966 4178
113 404144 1558
114 405702 4516
115 410218 1386
116 411604 1204
117 412808 1503
118 414311 7470
119 421781 2206
120 423987 18115
121 442102 8937
122 451039 5712
123 456751 4052
124 460803 3570
125 464373 2067
126 466440 16482
127 482922 4495
128 487417 1169
129 488586 1942
130 490528 1370
131 491898 8228
132 500126 5206
133 505332 6878
134 512210 1856
135 514066 8154
136 522220 7551
137 529771 8494
138 538265 4973
139 543238 6717
140 549955 15137
141 565092 7595
142 572687 5116
143 577803 1394
144 579197 1595
145 580792 2178
146 582970 1371
147 584341 836
148 585177 6375
149 591552 2148
150 593700 8250
151 601950 4246
152 606196 1891
153 608087 5270
154 613357 5503
155 618860 9161
156 628021 4722
157 632743 9577
158 642320 3801
159 646121 1098
160 647219 1450
161 648669 1377
162 650046 9102
163 659148 320
164 659468 1749
165 661217 788
166 662005 1463
167 663468 12529
168 675997 8073
169 684070 4106
170 688176 5033
171 693209 4454
172 697663 8905
173 706568 2243
174 708811 5394
175 714205 2955
176 717160 3126
177 720286 1695
178 721981 8114
179 730095 3717
180 733812 14247
181 748059 3313
182 751372 3905
183 755277 4342
184 759619 11674
185 771293 953
186 772246 7983
187 780229 6250
188 786479 801
189 787280 5673
190 792953 15775
191 808728 933
192 809661 6057
193 815718 695
194 816413 5255
195 821668 7927
196 829595 1457
197 831052 4371
198 835423 720
199 836143 8897
200 845040 1375
201 846415 4324
202 850739 5460
203 856199 3020
204 859219 2756
205 861975 3745
206 865720 2131
207 867851 4015
208 871866 13120
209 884986 2520
210 887506 1925
211 889431 3623
212 893054 3871
213 896925 3878
214 900803 1906
215 902709 5436
216 908145 6864
217 915009 2517
218 917526 4587
219 922113 6957
220 929070 1514
221 930584 2479
222 933063 2681
223 935744 810
224 936554 5360
225 941914 271
226 942185 849
227 943034 3575
228 946609 5934
229 952543 1249
230 953792 1394
231 955186 3682
232 958868 4607
233 963475 2395
234 965870 2212
236 968082 4095
238 972177 2946
239 975123 1153
240 976276 1795
241 978071 2014
242 980085 3131
243 983216 7141
244 990357 8594
245 998951 3975
246 1002926 3995
247 1006921 4633
248 1011554 3927
249 1015481 4656
250 1020137 1176
251 1021313 4237
252 1025550 2735
253 1028285 1736
255 1030021 4063
256 1034084 3879
257 1037963 2899
258 1040862 1308
259 1042170 3176
260 1045346 7708
261 1053054 19014
262 1072068 2217
263 1074285 3792
264 1078077 1666
265 1079743 4253
266 1083996 5128
267 1089124 8902
268 1098026 3149
272 1101175 8693
273 1109868 5765
274 1115633 2175
275 1117808 4982
276 1122790 1232
277 1124022 3889
278 1127911 6351
279 1134262 1675
280 1135937 3463
281 1139400 2828
282 1142228 6341
284 1148569 1804
285 1150373 6743
286 1157116 3680
287 1160796 10490
288 1171286 7018
289 1178304 4592
290 1182896 3548
291 1186444 6444
292 1192888 9629
293 1202517 1605
294 1204122 2799
295 1206921 2421
296 1209342 4561
297 1213903 8708
298 1222611 1593
299 1224204 4816
300 1229020 9605
301 1238625 7291
302 1245916 9181
303 1255097 11727
304 1266824 15574
305 1282398 8996
306 1291394 13572
307 1304966 12648
308 1317614 8193
309 1325807 21038
310 1346845 12817
311 1359662 43757
312 1403419 22608
313 1426027 21895
314 1447922 8635
315 1456557 5313
316 1461870 1313
317 1463183 14588
318 1477771 1106
319 1478877 1328
320 1480205 5236
321 1485441 2510
322 1487951 3097
323 1491048 6864
324 1497912 6197
325 1504109 9170
326 1513279 11643
327 1524922 2079
328 1527001 6489
329 1533490 5770
330 1539260 9997
331 1549257 7701
332 1556958 5963
333 1562921 1233
334 1564154 4939
335 1569093 9945
336 1579038 5499
337 1584537 3034
338 1587571 1998
339 1589569 1963
340 1591532 2327
341 1593859 1829
342 1595688 1423
343 1597111 1505
344 1598616 1566
345 1600182 1642
346 1601824 3456
347 1605280 2549
348 1607829 15226
349 1623055 3293
350 1626348 7953
351 1634301 3681
352 1637982 3429
353 1641411 6146
354 1647557 2542
355 1650099 3691
356 1653790 2746
357 1656536 9338
358 1665874 1389
360 1667263 4957
361 1672220 1406
362 1673626 1701
363 1675327 1839
364 1677166 2864
365 1680030 8146
366 1688176 7504
367 1695680 3493
368 1699173 9717
369 1708890 1649
370 1710539 957
371 1711496 1658
372 1713154 4135
373 1717289 3753
374 1721042 1028
375 1722070 15030
377 1737100 6478
378 1743578 3485
379 1747063 3496
380 1750559 1220
381 1751779 4792
382 1756571 767
383 1757338 505
384 1757843 7780
385 1765623 2844
386 1768467 3630
387 1772097 2721
388 1774818 1218
389 1776036 998
390 1777034 2149
391 1779183 11798
392 1790981 5307
393 1796288 5884
394 1802172 1766
395 1803938 1030
396 1804968 22612
397 1827580 1520
398 1829100 6607
399 1835707 6398
400 1842105 9546
401 1851651 1643
402 1853294 3794
403 1857088 2112
404 1859200 6679
405 1865879 8200
406 1874079 3689
407 1877768 5000
408 1882768 3487
409 1886255 1876
410 1888131 990
411 1889121 1405
412 1890526 1172
413 1891698 2098
414 1893796 1298
415 1895094 1738
416 1896832 1803
417 1898635 2161
418 1900796 1802
419 1902598 7648
420 1910246 18267
421 1928513 3872
422 1932385 4407
423 1936792 3345
424 1940137 3552
425 1943689 10455
426 1954144 4063
427 1958207 1221
428 1959428 896
429 1960324 1505
430 1961829 970
431 1962799 1969
432 1964768 4460
433 1969228 1635
434 1970863 6172
435 1977035 7665
436 1984700 1972
437 1986672 3992
438 1990664 2668
439 1993332 4763
440 1998095 8814
441 2006909 4960
442 2011869 7968
443 2019837 4785
444 2024622 10017
445 2034639 2178
446 2036817 1613
447 2038430 2092
448 2040522 1864
449 2042386 2426
450 2044812 2854
451 2047666 2578
452 2050244 13246
453 2063490 2486
454 2065976 2238
455 2068214 2480
456 2070694 3079
457 2073773 1567
458 2075340 10143
459 2085483 9630
460 2095113 4707
461 2099820 6989
462 2106809 3657
463 2110466 3420
464 2113886 2846
465 2116732 5865
466 2122597 3082
467 2125679 5816
468 2131495 4771
469 2136266 13674
470 2149940 3831
471 2153771 2960
472 2156731 1589
473 2158320 8096
474 2166416 5686
475 2172102 12483
476 2184585 3810
477 2188395 2180
478 2190575 5464
479 2196039 5817
480 2201856 7897
481 2209753 10129
482 2219882 3599
483 2223481 3378
484 2226859 2163
486 2229022 3768
487 2232790 2009
488 2234799 1470
489 2236269 7369
490 2243638 1025
491 2244663 947
492 2245610 1650
493 2247260 3254
494 2250514 1830
495 2252344 4039
496 2256383 2152
497 2258535 4007
498 2262542 1396
499 2263938 4908
500 2268846 2603
501 2271449 1753
502 2273202 1979
503 2275181 1489
504 2276670 1972
505 2278642 3134
506 2281776 2446
507 2284222 7751
508 2291973 2660
509 2294633 2019
510 2296652 6194
511 2302846 4238
512 2307084 4359
513 2311443 3787
514 2315230 6849
515 2322079 3601
516 2325680 3289
517 2328969 4617
518 2333586 5262
519 2338848 4442
520 2343290 3418
521 2346708 4122
522 2350830 1148
523 2351978 7933
524 2359911 4568
525 2364479 4384
526 2368863 4373
527 2373236 4087
528 2377323 5557
529 2382880 7779
530 2390659 2348
531 2393007 2134
532 2395141 2947
533 2398088 2943
534 2401031 4608
535 2405639 5418
536 2411057 3165
537 2414222 4089
538 2418311 5424
539 2423735 4679
540 2428414 5104
541 2433518 2491
542 2436009 2731
543 2438740 2971
544 2441711 8247
545 2449958 1237
546 2451195 778
547 2451973 4149
548 2456122 3339
549 2459461 1552
550 2461013 9918
551 2470931 3054
552 2473985 8728
553 2482713 3958
554 2486671 5229
555 2491900 4921
556 2496821 8566
557 2505387 4788
558 2510175 3920
559 2514095 530
560 2514625 4686
561 2519311 4382
562 2523693 3810
563 2527503 5820
564 2533323 7213
565 2540536 6452
566 2546988 2574
567 2549562 3357
568 2552919 970
569 2553889 22870
570 2576759 18538
571 2595297 2587
572 2597884 8446
573 2606330 1653
574 2607983 2402
575 2610385 7117
576 2617502 3335
577 2620837 10976
578 2631813 2880
579 2634693 3513
580 2638206 3224
581 2641430 4825
582 2646255 7247
583 2653502 6898
584 2660400 6184
585 2666584 1072
586 2667656 2790
587 2670446 3445
588 2673891 1056
589 2674947 2444
590 2677391 1561
591 2678952 6307
592 2685259 13589
593 2698848 2103
594 2700951 12910
595 2713861 6450
596 2720311 2881
597 2723192 5027
598 2728219 1965
599 2730184 9034
600 2739218 6558
601 2745776 2485
602 2748261 6404
603 2754665 1588
604 2756253 3068
605 2759321 1095
606 2760416 592
607 2761008 1435
608 2762443 1645
609 2764088 1582
610 2765670 8827
611 2774497 7752
612 2782249 4376
613 2786625 2947
614 2789572 623
615 2790195 7746
616 2797941 4046
617 2801987 12436
618 2814423 4911
619 2819334 2547
620 2821881 3930
621 2825811 16112
622 2841923 6273
623 2848196 2648
624 2850844 316
625 2851160 2354
626 2853514 3862
627 2857376 2809
628 2860185 13525
629 2873710 7895
630 2881605 1934
631 2883539 2809
632 2886348 1957
633 2888305 1878
634 2890183 3461
635 2893644 2236
636 2895880 3057
637 2898937 2018
638 2900955 1854
639 2902809 2220
640 2905029 2924
641 2907953 2847
642 2910800 1954
647 2912754 2601
648 2915355 3325
649 2918680 2193
650 2920873 1938
651 2922811 1801
652 2924612 2112
653 2926724 4493
654 2931217 3902
655 2935119 3792
656 2938911 3004
657 2941915 2480
658 2944395 2595
659 2946990 2360
660 2949350 2403
662 2951753 331
663 2952084 5860
666 2957944 9921
667 2967865 2805
668 2970670 952
669 2971622 4453
670 2976075 7166
671 2983241 316
672 2983557 3197
673 2986754 2675
674 2989429 2407
675 2991836 2627
676 2994463 3570
677 2998033 4356
678 3002389 2611
679 3005000 4987
680 3009987 2744
681 3012731 8227
682 3020958 2759
683 3023717 6272
684 3029989 2458
685 3032447 1236
686 3033683 17781
687 3051464 9841
688 3061305 2960
689 3064265 3248
690 3067513 5884
691 3073397 3476
692 3076873 1946
693 3078819 3081
694 3081900 4492
695 3086392 4360
696 3090752 3713
697 3094465 2996
698 3097461 24477
699 3121938 11276
700 3133214 16261
701 3149475 30622
702 3180097 3786
703 3183883 3338
704 3187221 3687
705 3190908 6352
706 3197260 1491
707 3198751 2684
708 3201435 2097
709 3203532 3109
710 3206641 1607
711 3208248 8511
712 3216759 3500
713 3220259 3390
714 3223649 1369
715 3225018 7914
716 3232932 8191
717 3241123 8622
718 3249745 5680
719 3255425 7396
720 3262821 7060
722 3269881 1798
723 3271679 6420
724 3278099 9079
725 3287178 3871
727 3291049 2731
728 3293780 2405
729 3296185 3878
730 3300063 4828
731 3304891 4259
733 3309150 7043
735 3316193 8479
740 3324672 8307
741 3332979 5432
743 3338411 7588
744 3345999 6649
745 3352648 3458
746 3356106 2893
747 3358999 1062
748 3360061 3067
749 3363128 10644
750 3373772 7555
751 3381327 7610
752 3388937 1048
753 3389985 2982
754 3392967 1805
755 3394772 8038
756 3402810 6931
757 3409741 4075
758 3413816 1040
759 3414856 9565
760 3424421 9621
761 3434042 2702
762 3436744 3800
763 3440544 5684
764 3446228 14769
765 3460997 3056
766 3464053 4454
767 3468507 7881
768 3476388 6487
769 3482875 2519
770 3485394 3857
771 3489251 3799
772 3493050 1868
773 3494918 3398
774 3498316 5056
775 3503372 2251
776 3505623 1114
777 3506737 1371
778 3508108 4013
779 3512121 991
780 3513112 3484
781 3516596 3296
782 3519892 3691
783 3523583 3290
784 3526873 2475
785 3529348 993
786 3530341 1261
787 3531602 8059
788 3539661 6995
789 3546656 4479
790 3551135 7286
791 3558421 998
792 3559419 3325
793 3562744 9059
794 3571803 2148
795 3573951 6288
796 3580239 6280
797 3586519 1150
798 3587669 819
799 3588488 6831
800 3595319 3594
801 3598913 2693
802 3601606 1030
803 3602636 1306
804 3603942 5504
805 3609446 1252
806 3610698 1968
807 3612666 2672
808 3615338 2420
809 3617758 1218
810 3618976 1142
811 3620118 6812
812 3626930 3176
813 3630106 2608
814 3632714 5240
815 3637954 1928
816 3639882 2578
817 3642460 4772
818 3647232 4729
819 3651961 4489
820 3656450 3098
821 3659548 7680
822 3667228 5801
823 3673029 3528
824 3676557 3345
825 3679902 2376
826 3682278 3496
827 3685774 2186
828 3687960 2051
829 3690011 9159
830 3699170 5405
831 3704575 7498
832 3712073 5421
833 3717494 4848
834 3722342 8227
835 3730569 11913
836 3742482 6321
837 3748803 1453
838 3750256 1879
839 3752135 987
840 3753122 5331
841 3758453 2976
842 3761429 689
843 3762118 4219
844 3766337 834
845 3767171 3173
846 3770344 752
847 3771096 940
848 3772036 4256
849 3776292 3696
850 3779988 1295
851 3781283 1830
852 3783113 1168
853 3784281 1656
854 3785937 898
855 3786835 2523
856 3789358 4389
857 3793747 4688
858 3798435 1120
859 3799555 2250
860 3801805 968
861 3802773 1979
862 3804752 908
863 3805660 1207
864 3806867 1498
865 3808365 571
866 3808936 3977
867 3812913 1461
868 3814374 4820
869 3819194 2492
870 3821686 2080
871 3823766 2502
872 3826268 2253
873 3828521 3496
874 3832017 1683
875 3833700 1137
876 3834837 2616
877 3837453 2037
878 3839490 1905
879 3841395 4296
880 3845691 14541
881 3860232 2129
882 3862361 6571
883 3868932 13702
884 3882634 9056
885 3891690 3712
886 3895402 4612
887 3900014 3646
888 3903660 5664
889 3909324 1701
891 3911025 3995
892 3915020 1901
893 3916921 9754
894 3926675 6479
895 3933154 2459
896 3935613 4521
897 3940134 7538
898 3947672 2095
899 3949767 3697
900 3953464 4310
901 3957774 1098
902 3958872 2223
903 3961095 751
904 3961846 3230
905 3965076 758
907 3965834 6353
908 3972187 5737
909 3977924 10703
910 3988627 3809
911 3992436 1554
912 3993990 2144
914 3996134 4319
915 4000453 6384
916 4006837 3042
917 4009879 6097
918 4015976 6078
919 4022054 1693
920 4023747 6486
921 4030233 3299
922 4033532 6689
923 4040221 9000
924 4049221 1395
925 4050616 2918
926 4053534 1772
927 4055306 3345
928 4058651 5996
929 4064647 6787
930 4071434 6322
931 4077756 6458
932 4084214 9643
933 4093857 9749
934 4103606 1191
935 4104797 722
936 4105519 1159
937 4106678 3812
938 4110490 677
939 4111167 5519
940 4116686 1394
941 4118080 2784
942 4120864 2319
943 4123183 5563
944 4128746 12247
945 4140993 2590
946 4143583 26159
947 4169742 3726
948 4173468 4052
949 4177520 12459
950 4189979 4410
951 4194389 3884
952 4198273 14679
953 4212952 12302
954 4225254 3692
955 4228946 1609
956 4230555 9110
957 4239665 1802
958 4241467 692
959 4242159 3251
960 4245410 2851
961 4248261 5851
962 4254112 9591
963 4263703 4040
964 4267743 1145
965 4268888 1756
966 4270644 5516
967 4276160 4614
968 4280774 4540
969 4285314 4411
970 4289725 1857
971 4291582 4355
972 4295937 3671
973 4299608 6180
974 4305788 4204
975 4309992 1105
976 4311097 735
977 4311832 8878
978 4320710 3972
979 4324682 7044
980 4331726 1524
981 4333250 2489
982 4335739 1087
983 4336826 1021
984 4337847 1011
985 4338858 5319
986 4344177 10944
987 4355121 747
988 4355868 665
989 4356533 4017
990 4360550 10050
991 4370600 1306
992 4371906 3126
993 4375032 845
995 4375877 622
996 4376499 982
997 4377481 722
998 4378203 1737
999 4379940 12322
1000 4392262 4345
1001 4396607 11220
1002 4407827 3627
1003 4411454 8543
1004 4419997 4239
1005 4424236 3231
1006 4427467 12793
1007 4440260 4559
1008 4444819 2385
1009 4447204 2428
1010 4449632 666
1011 4450298 1364
1012 4451662 10036
1013 4461698 21663
1014 4483361 874
1015 4484235 3526
1017 4487761 1423
1018 4489184 1068
1019 4490252 5720
1020 4495972 1213
1021 4497185 918
1022 4498103 10826
1023 4508929 1364
1024 4510293 17608
1025 4527901 9508
1026 4537409 2859
1027 4540268 3987
1028 4544255 1361
1029 4545616 4591
1030 4550207 5981
1031 4556188 1067
1032 4557255 893
1033 4558148 2311
1034 4560459 8197
1035 4568656 3253
1036 4571909 1850
1037 4573759 535
1038 4574294 1557
1039 4575851 2272
1040 4578123 3821
1041 4581944 5966
1042 4587910 1338
1043 4589248 3184
1044 4592432 1241
1045 4593673 1315
1046 4594988 1103
1047 4596091 5541
1048 4601632 935
1049 4602567 4384
1050 4606951 348
1051 4607299 8915
1052 4616214 3604
1053 4619818 1605
1054 4621423 1345
1055 4622768 6359
1056 4629127 4044
1057 4633171 1250
1058 4634421 2935
1059 4637356 2667
1060 4640023 1778
1061 4641801 4096
1062 4645897 12876
1063 4658773 1481
1064 4660254 4009
1065 4664263 3591
1066 4667854 1372
1067 4669226 1093
1068 4670319 3972
1069 4674291 6902
1071 4681193 1583
1072 4682776 1516
1073 4684292 1453
1074 4685745 2424
1075 4688169 2156
1076 4690325 1754
1077 4692079 1770
1078 4693849 1160
1079 4695009 1642
1080 4696651 811
1081 4697462 7064
1082 4704526 8094
1083 4712620 1484
1084 4714104 1088
1085 4715192 4686
1086 4719878 2431
1087 4722309 1170
1088 4723479 6457
1089 4729936 1769
1090 4731705 7515
1091 4739220 2163
1092 4741383 6414
1093 4747797 3995
1094 4751792 1397
1095 4753189 8365
1096 4761554 6860
1097 4768414 9485
1098 4777899 3628
1099 4781527 2229
1100 4783756 3397
1101 4787153 4715
1102 4791868 1677
1103 4793545 6392
1104 4799937 3589
1105 4803526 6852
1106 4810378 10149
1107 4820527 2183
1108 4822710 3679
1109 4826389 2345
1110 4828734 3712
1111 4832446 2951
1112 4835397 3781
1113 4839178 1632
1114 4840810 10127
1115 4850937 2153
1116 4853090 4978
1117 4858068 2427
1118 4860495 1524
1119 4862019 7945
1120 4869964 6765
1121 4876729 4456
1122 4881185 9599
1123 4890784 6405
1124 4897189 5739
1125 4902928 2880
1126 4905808 5685
1127 4911493 10423
1128 4921916 4315
1129 4926231 6144
1130 4932375 4640
1131 4937015 2286
1132 4939301 3435
1133 4942736 8889
1134 4951625 1817
1135 4953442 5747
1136 4959189 4049
1137 4963238 4053
1138 4967291 2621
1139 4969912 380
1140 4970292 1867
1141 4972159 7381
1142 4979540 4444
1143 4983984 2441
1144 4986425 1756
1145 4988181 3093
1146 4991274 3532
1147 4994806 2800
1148 4997606 5230
1149 5002836 1186
1150 5004022 1176
1151 5005198 3123
1152 5008321 7615
1153 5015936 7646
1154 5023582 1198
1155 5024780 6035
1156 5030815 1703
1157 5032518 2340
1158 5034858 4831
1159 5039689 1735
1160 5041424 3363
1161 5044787 1938
1162 5046725 1184
1163 5047909 2648
1164 5050557 684
1165 5051241 2808
1166 5054049 5206
1167 5059255 1664
1168 5060919 2841
1169 5063760 4161
1170 5067921 1261
1171 5069182 1122
1172 5070304 1629
1173 5071933 1194
1174 5073127 1673
1175 5074800 836
1176 5075636 879
1177 5076515 3825
1178 5080340 844
1179 5081184 3122
1180 5084306 7835
1181 5092141 2554
1182 5094695 1518
1183 5096213 3168
1184 5099381 1171
1185 5100552 2707
1186 5103259 2362
1187 5105621 1359
1188 5106980 1043
1189 5108023 3681
1190 5111704 3077
1191 5114781 1476
1192 5116257 8350
1193 5124607 1476
1194 5126083 2066
1195 5128149 967
1196 5129116 1677
1197 5130793 1635
1198 5132428 927
1199 5133355 2437
1200 5135792 9628
1201 5145420 3962
1202 5149382 5614
1203 5154996 2556
1204 5157552 8542
1205 5166094 7359
1206 5173453 2422
1207 5175875 1469
1208 5177344 1649
1209 5178993 2681
1210 5181674 2585
1211 5184259 2259
1212 5186518 3071
1213 5189589 2076
1214 5191665 2993
1215 5194658 6906
1216 5201564 6360
1217 5207924 6850
1218 5214774 6726
1219 5221500 3949
1220 5225449 8069
1221 5233518 7739
1222 5241257 3125
1223 5244382 1807
1224 5246189 2987
1225 5249176 1617
1226 5250793 3031
1227 5253824 3444
1228 5257268 1867
1229 5259135 1534
1230 5260669 4768
1231 5265437 1750
1232 5267187 1528
1233 5268715 2471
1234 5271186 3622
1235 5274808 2071
1236 5276879 1466
1237 5278345 2815
1238 5281160 7792
1239 5288952 3335
1240 5292287 3619
1241 5295906 8873
1242 5304779 3738
1243 5308517 2823
1244 5311340 2203
1245 5313543 3569
1246 5317112 3496
1247 5320608 2078
1248 5322686 1594
1249 5324280 1802
1250 5326082 6353
1251 5332435 3201
1252 5335636 2242
1253 5337878 1866
1254 5339744 3423
1255 5343167 5505
1256 5348672 2009
1257 5350681 4137
1258 5354818 2720
1259 5357538 3758
1260 5361296 1754
1261 5363050 1543
1262 5364593 1544
1263 5366137 1626
1264 5367763 3644
1265 5371407 2734
1266 5374141 3965
1267 5378106 2379
1268 5380485 2398
1269 5382883 2589
1270 5385472 2378
1271 5387850 2511
1272 5390361 22618
1273 5412979 3211
1274 5416190 3605
1275 5419795 6310
1276 5426105 3092
1277 5429197 3301
1278 5432498 3413
1279 5435911 5213
1280 5441124 1613
1281 5442737 2593
1282 5445330 3418
1283 5448748 2454
1284 5451202 1084
1285 5452286 2364
1286 5454650 5079
1287 5459729 4221
1288 5463950 3018
1289 5466968 3775
1290 5470743 2641
1291 5473384 5416
1292 5478800 2529
1293 5481329 3772
1294 5485101 1102
1295 5486203 5279
1296 5491482 1446
1297 5492928 1219
1298 5494147 2047
1299 5496194 7425
1300 5503619 3328
1301 5506947 2539
1302 5509486 792
1303 5510278 1102
1304 5511380 2944
1305 5514324 4412
1306 5518736 9722
1307 5528458 2209
1308 5530667 3171
1309 5533838 2113
1310 5535951 2289
1311 5538240 26921
1312 5565161 1905
1313 5567066 1785
1314 5568851 5359
1315 5574210 5459
1316 5579669 2511
1317 5582180 3411
1318 5585591 4801
1319 5590392 3748
1320 5594140 3384
1321 5597524 15463
1322 5612987 4150
1323 5617137 3599
1324 5620736 10208
1325 5630944 1691
1326 5632635 1513
1327 5634148 5869
1328 5640017 10932
1329 5650949 5231
1330 5656180 3860
1331 5660040 2209
1332 5662249 1328
1333 5663577 685
1334 5664262 1545
1335 5665807 4651
1336 5670458 2749
1337 5673207 1966
1338 5675173 8781
1339 5683954 6263
1340 5690217 5198
1341 5695415 1984
1342 5697399 6485
1343 5703884 2981
1344 5706865 2949
1345 5709814 7505
1346 5717319 1709
1347 5719028 2052
1348 5721080 2604
1349 5723684 1712
1350 5725396 1623
1351 5727019 10882
1352 5737901 7612
1353 5745513 3388
1354 5748901 3066
1355 5751967 1911
1356 5753878 5584
1357 5759462 8182
1358 5767644 3216
1359 5770860 594
1360 5771454 3667
1361 5775121 5121
1362 5780242 6953
1363 5787195 942
1364 5788137 2390
1365 5790527 4368
1366 5794895 3580
1367 5798475 2917
1368 5801392 5673
1369 5807065 5120
1370 5812185 7348
1371 5819533 1137
1372 5820670 3949
1373 5824619 1363
1375 5825982 3305
1376 5829287 4394
1377 5833681 4883
1378 5838564 2358
1379 5840922 6074
1380 5846996 2294
1381 5849290 1724
1382 5851014 15332
1384 5866346 5431
1385 5871777 1394
1386 5873171 5687
1387 5878858 1407
1388 5880265 6603
1390 5886868 4614
1391 5891482 9755
1392 5901237 1745
1393 5902982 3487
1394 5906469 15784
1396 5922253 3936
1397 5926189 7893
1398 5934082 13844
1399 5947926 3809
1400 5951735 14169
1402 5965904 7389
1403 5973293 1298
1404 5974591 1077
1405 5975668 9045
1406 5984713 11206
1407 5995919 9222
1408 6005141 15951
1409 6021092 8723
1410 6029815 8413
1411 6038228 7351
1412 6045579 11233
1413 6056812 19470
1414 6076282 13535
1415 6089817 5475
1416 6095292 493
1417 6095785 832
1418 6096617 3196
1419 6099813 7335
1420 6107148 540
1421 6107688 1535
1422 6109223 3460
1423 6112683 2101
1424 6114784 9161
1425 6123945 8010
1426 6131955 8564
1427 6140519 4686
1428 6145205 2686
1429 6147891 4081
1431 6151972 7142
1432 6159114 3405
1433 6162519 2832
1434 6165351 679
1435 6166030 1052
1436 6167082 1636
1437 6168718 6652
1438 6175370 1347
1439 6176717 11419
1440 6188136 6328
1441 6194464 4423
1442 6198887 25730
1443 6224617 3746
1444 6228363 5138
1445 6233501 8384
1446 6241885 9755
1447 6251640 4628
1449 6256268 9593
1450 6265861 12772
1451 6278633 4669
1452 6283302 10943
1454 6294245 5106
1455 6299351 1755
1456 6301106 3813
1457 6304919 4766
1458 6309685 3706
1459 6313391 10692
1460 6324083 9887
1461 6333970 6802
1462 6340772 6065
1464 6346837 5791
1465 6352628 4085
1466 6356713 3903
1467 6360616 3492
1468 6364108 3842
1469 6367950 3331
1470 6371281 12239
1471 6383520 12829
1472 6396349 4228
1473 6400577 2860
1474 6403437 5568
1475 6409005 15892
1476 6424897 4283
1477 6429180 720
1478 6429900 1204
1479 6431104 4398
1480 6435502 4375
1481 6439877 2090
1482 6441967 12999
1483 6454966 6704
1484 6461670 8809
1485 6470479 7725
1486 6478204 10687
1487 6488891 6973
1488 6495864 8945
1489 6504809 2342
1490 6507151 8148
1491 6515299 8278
1492 6523577 3896
1493 6527473 5744
1494 6533217 10244
1495 6543461 2548
1496 6546009 13711
1497 6559720 4677
1498 6564397 528
1499 6564925 1536
1500 6566461 3086
1501 6569547 2699
1502 6572246 738
1503 6572984 5939
1504 6578923 3322
1505 6582245 8931
1506 6591176 4014
1507 6595190 2038
1508 6597228 3413
1509 6600641 7566
1510 6608207 2632
1511 6610839 2728
1512 6613567 9630
1513 6623197 19238
1514 6642435 3108
1515 6645543 2749
1516 6648292 5358
1517 6653650 2254
1518 6655904 4258
1519 6660162 6578
1520 6666740 970
1521 6667710 4884
1522 6672594 8285
1523 6680879 5349
1524 6686228 6655
1525 6692883 931
1526 6693814 3786
1527 6697600 2951
1528 6700551 3589
1529 6704140 2549
1530 6706689 3708
1531 6710397 4686
1532 6715083 9602
1533 6724685 9606
1534 6734291 11515
1535 6745806 2162
1536 6747968 4795
1537 6752763 3013
1538 6755776 1655
1539 6757431 5783
1540 6763214 2038
1541 6765252 1932
1542 6767184 8370
1543 6775554 8779
1544 6784333 2764
1545 6787097 4490
1546 6791587 3151
1547 6794738 1953
1548 6796691 10626
1549 6807317 6285
1550 6813602 4898
1551 6818500 5303
1552 6823803 1330
1553 6825133 1867
1554 6827000 3612
1555 6830612 3705
1556 6834317 2541
1557 6836858 7672
1558 6844530 6990
1559 6851520 6471
1560 6857991 8779
1561 6866770 3158
1562 6869928 2820
1563 6872748 1857
1564 6874605 7052
1565 6881657 3437
1566 6885094 2660
1567 6887754 1182
1568 6888936 11610
1569 6900546 10830
1570 6911376 9874
1571 6921250 6914
1572 6928164 8866
1573 6937030 2290
1574 6939320 521
1575 6939841 2780
1576 6942621 624
1577 6943245 6371
1578 6949616 4295
1579 6953911 2327
1580 6956238 9167
1581 6965405 6511
1582 6971916 1574
1583 6973490 7404
1584 6980894 2743
1585 6983637 7677
1586 6991314 4480
1587 6995794 2947
1588 6998741 6309
1589 7005050 9245
1590 7014295 2980
1591 7017275 4386
1592 7021661 3904
1593 7025565 1727
1594 7027292 6513
1595 7033805 5466
1596 7039271 5229
1597 7044500 8019
1598 7052519 1852
1599 7054371 2831
1600 7057202 3682
1601 7060884 2011
1602 7062895 3231
1603 7066126 2872
1604 7068998 7563
1605 7076561 425
1606 7076986 527
1607 7077513 11224
1608 7088737 4490
1609 7093227 3697
1610 7096924 9017
1611 7105941 3414
1612 7109355 2059
1613 7111414 2009
1614 7113423 7128
1615 7120551 6457
1616 7127008 3695
1617 7130703 2253
1618 7132956 14923
1619 7147879 6413
1620 7154292 1336
1621 7155628 1984
1622 7157612 2945
1623 7160557 2593
1624 7163150 2143
1625 7165293 1598
1626 7166891 753
1627 7167644 1398
1628 7169042 745
1629 7169787 395
1630 7170182 3992
1632 7174174 3063
1633 7177237 4167
1634 7181404 7586
1635 7188990 5431
1636 7194421 1372
1638 7195793 1180
1639 7196973 939
1640 7197912 1868
1641 7199780 2427
1642 7202207 5492
1644 7207699 8086
1645 7215785 2472
1646 7218257 925
1647 7219182 855
1648 7220037 1648
1649 7221685 2247
1650 7223932 7282
1651 7231214 1646
1652 7232860 4767
1653 7237627 2465
1654 7240092 3641
1655 7243733 2693
1656 7246426 6951
1657 7253377 2312
1658 7255689 3024
1659 7258713 4601
1660 7263314 2532
1661 7265846 2891
1662 7268737 1916
1663 7270653 1284
1664 7271937 4739
1665 7276676 1644
1666 7278320 1021
1667 7279341 1610
1668 7280951 1810
1669 7282761 4612
1670 7287373 1683
1671 7289056 2706
1672 7291762 9332
1673 7301094 1888
1674 7302982 2638
1675 7305620 9074
1676 7314694 3555
1677 7318249 6151
1678 7324400 3378
1679 7327778 2965
1680 7330743 7871
1681 7338614 1744
1682 7340358 2211
1683 7342569 1657
1684 7344226 973
1686 7345199 1688
1687 7346887 1789
1689 7348676 7376
1690 7356052 3148
1691 7359200 1687
1692 7360887 1422
1693 7362309 7684
1694 7369993 2001
1695 7371994 2124
1696 7374118 1794
1697 7375912 1694
1698 7377606 2087
1699 7379693 1168
1700 7380861 1483
1701 7382344 3265
1702 7385609 1210
1703 7386819 1783
1704 7388602 4538
1705 7393140 1088
1706 7394228 4211
1707 7398439 1829
1708 7400268 2149
1709 7402417 4950
1710 7407367 2635
1711 7410002 2604
1712 7412606 370
1713 7412976 1531
1714 7414507 1506
1715 7416013 2190
1716 7418203 1498
1717 7419701 1087
1718 7420788 2668
1719 7423456 1023
1720 7424479 338
1721 7424817 4575
1722 7429392 1289
1723 7430681 899
1724 7431580 3911
1725 7435491 1345
1726 7436836 3126
1727 7439962 2621
1728 7442583 545
1729 7443128 1294
1730 7444422 1244
1731 7445666 2502
1732 7448168 1202
1734 7449370 598
1735 7449968 1341
1736 7451309 7451
1737 7458760 3892
1740 7462652 7042
1742 7469694 1674
1743 7471368 1610
1744 7472978 2041
1745 7475019 1347
1746 7476366 515
1747 7476881 1359
1748 7478240 2299
1749 7480539 4484
1750 7485023 1544
1751 7486567 11533
1752 7498100 2059
1753 7500159 824
1754 7500983 927
1755 7501910 1068
1756 7502978 1828
1757 7504806 722
1758 7505528 11551
1759 7517079 1787
1760 7518866 2961
1761 7521827 3738
1762 7525565 955
1763 7526520 2211
1764 7528731 1234
1765 7529965 4758
1766 7534723 319
1767 7535042 7042
1768 7542084 1048
1769 7543132 1786
1770 7544918 2569
1771 7547487 1491
1772 7548978 1253
1777 7550231 1666
1778 7551897 3013
1779 7554910 1333
1781 7556243 787
1784 7557030 6477
1785 7563507 2707
1786 7566214 452
1787 7566666 4242
1788 7570908 529
1789 7571437 1490
1790 7572927 2127
1791 7575054 2794
1792 7577848 3173
1793 7581021 1380
1794 7582401 1537
1795 7583938 1140
1796 7585078 1455
1797 7586533 2354
1798 7588887 598
1799 7589485 5087
1800 7594572 9707
1801 7604279 1655
1802 7605934 753
1803 7606687 736
1804 7607423 2925
1805 7610348 1876
1806 7612224 2317
1807 7614541 3184
1808 7617725 2896
1809 7620621 2951
1810 7623572 3027
1811 7626599 2455
1812 7629054 2486
1813 7631540 2559
1814 7634099 863
1815 7634962 1603
1816 7636565 5858
1817 7642423 2597
1818 7645020 1290
1819 7646310 2051
1820 7648361 1579
1821 7649940 2898
1822 7652838 5835
1823 7658673 1209
1824 7659882 2840
1825 7662722 1859
1826 7664581 1251
1827 7665832 1136
1828 7666968 1794
1829 7668762 5987
1830 7674749 1808
1831 7676557 3457
1832 7680014 1611
1833 7681625 626
1834 7682251 2722
1835 7684973 912
1836 7685885 5795
1837 7691680 5239
1838 7696919 1630
1839 7698549 777
1840 7699326 806
1841 7700132 2504
1842 7702636 5831
1843 7708467 3736
1844 7712203 3712
1846 7715915 3765
1847 7719680 3819
1848 7723499 3847
1849 7727346 4051
1854 7731397 3754
1855 7735151 3793
1856 7738944 3811
1857 7742755 3806
1858 7746561 3853
1860 7750414 635
1861 7751049 5800
1862 7756849 694
1863 7757543 2813
1864 7760356 2870
1865 7763226 1099
1866 7764325 1283
1867 7765608 7564
1868 7773172 1490
1869 7774662 2299
1870 7776961 2105
1871 7779066 1463
1872 7780529 978
1873 7781507 1708
1874 7783215 2627
1875 7785842 1917
1876 7787759 16994
1877 7804753 1554
1878 7806307 4847
1879 7811154 2116
1880 7813270 2820
1881 7816090 6253
1882 7822343 544
1883 7822887 4036
1884 7826923 2034
1885 7828957 1221
1886 7830178 4640
1887 7834818 861
1888 7835679 2124
1889 7837803 1901
1890 7839704 4166
1891 7843870 4694
1892 7848564 9212
1893 7857776 4123
1894 7861899 2710
1895 7864609 852
1896 7865461 816
1897 7866277 917
1898 7867194 1060
1899 7868254 3141
1900 7871395 5169
1901 7876564 5556
1902 7882120 4688
1903 7886808 5527
1904 7892335 1873
1905 7894208 3850
1906 7898058 6055
1907 7904113 2464
1908 7906577 4429
1909 7911006 974
1910 7911980 793
1911 7912773 4167
1912 7916940 2655
1913 7919595 2959
1914 7922554 1243
1915 7923797 1936
1916 7925733 2312
1917 7928045 2716
1918 7930761 2291
1919 7933052 1289
1920 7934341 4673
1921 7939014 4557
1922 7943571 3561
1923 7947132 3119
1924 7950251 4099
1925 7954350 4470
1926 7958820 2772
1927 7961592 3819
1928 7965411 2311
1929 7967722 1741
1930 7969463 2271
1931 7971734 20454
1932 7992188 3292
1933 7995480 4079
1934 7999559 1920
1935 8001479 8696
1936 8010175 2667
1937 8012842 5297
1938 8018139 5337
1939 8023476 3675
1940 8027151 4154
1941 8031305 5921
1942 8037226 3028
1943 8040254 5455
1944 8045709 1740
1945 8047449 2621
1946 8050070 5027
1947 8055097 4783
1948 8059880 3312
1949 8063192 5410
1950 8068602 5488
1951 8074090 4277
1952 8078367 2536
1953 8080903 4410
1954 8085313 7373
1955 8092686 4724
1956 8097410 906
1957 8098316 796
1958 8099112 2235
1959 8101347 1775
1960 8103122 939
1961 8104061 1837
1962 8105898 12107
1963 8118005 4430
1966 8122435 9968
1967 8132403 1118
1969 8133521 3375
1970 8136896 1404
1971 8138300 3513
1973 8141813 4662
1974 8146475 5530
1977 8152005 784
1978 8152789 2575
1987 8155364 1545
1988 8156909 3305
1989 8160214 1875
1990 8162089 3263
1991 8165352 5082
1992 8170434 2124
1993 8172558 5819
1994 8178377 2303
1995 8180680 4212
1996 8184892 4910
1997 8189802 2143
1998 8191945 1008
1999 8192953 5420
2000 8198373 1973
2001 8200346 1505
2002 8201851 1858
2003 8203709 1175
2004 8204884 1182
2005 8206066 6913
2006 8212979 3758
2007 8216737 1027
2008 8217764 2474
2009 8220238 2232
2010 8222470 3228
2011 8225698 2589
2012 8228287 29866
2013 8258153 1101
2014 8259254 1750
2015 8261004 5106
2016 8266110 1256
2017 8267366 1654
2018 8269020 1735
2019 8270755 2424
2020 8273179 1682
2021 8274861 1587
2022 8276448 2635
2023 8279083 3225
2024 8282308 4646
2025 8286954 1788
2026 8288742 961
2027 8289703 1499
2028 8291202 2057
2029 8293259 1532
2030 8294791 1803
2031 8296594 1293
2032 8297887 1909
2033 8299796 1628
2034 8301424 864
2035 8302288 2722
2036 8305010 1877
2037 8306887 6122
2038 8313009 2747
2039 8315756 1407
2040 8317163 1210
2041 8318373 2692
2042 8321065 1461
2043 8322526 2319
2044 8324845 1472
2045 8326317 1344
2046 8327661 2195
2047 8329856 1526
2048 8331382 1719
2049 8333101 5249
2050 8338350 2605
2051 8340955 5588
2052 8346543 1680
2053 8348223 1311
2054 8349534 2987
2055 8352521 1607
2056 8354128 2791
2057 8356919 1300
2058 8358219 868
2059 8359087 1610
2060 8360697 3999
2061 8364696 3240
2062 8367936 3004
2063 8370940 3374
2064 8374314 2716
2065 8377030 1413
2066 8378443 1377
2067 8379820 892
2068 8380712 2171
2069 8382883 1634
2070 8384517 1098
2071 8385615 3325
2072 8388940 3199
2073 8392139 3800
2074 8395939 1766
2075 8397705 4898
2078 8402603 1789
2079 8404392 978
2080 8405370 1278
2081 8406648 993
2082 8407641 1170
2083 8408811 5068
2084 8413879 2284
2085 8416163 1859
2086 8418022 1137
2087 8419159 1300
2088 8420459 1244
2089 8421703 4181
2090 8425884 1511
2091 8427395 2692
2092 8430087 2145
2093 8432232 1106
2094 8433338 1841
2095 8435179 4999
2096 8440178 2341
2097 8442519 4004
2098 8446523 4006
2099 8450529 4230
2100 8454759 16832
2101 8471591 2034
2102 8473625 12336
2103 8485961 14236
2104 8500197 8878
2105 8509075 8063
2106 8517138 4816
2107 8521954 11365
2108 8533319 3413
2109 8536732 5012
2110 8541744 4590
2111 8546334 4196
2112 8550530 5534
2113 8556064 3437
2114 8559501 4267
2115 8563768 4048
2116 8567816 6577
2117 8574393 3813
2118 8578206 5539
2119 8583745 3432
2120 8587177 4512
2121 8591689 24364
2122 8616053 2042
2123 8618095 4977
2124 8623072 4959
2125 8628031 5062
2126 8633093 4199
2127 8637292 3996
2128 8641288 3354
2129 8644642 23992
2131 8668634 4701
2132 8673335 5323
2133 8678658 15743
2134 8694401 10323
2135 8704724 1885
2136 8706609 5116
2137 8711725 5659
2138 8717384 3248
2139 8720632 6430
2140 8727062 7353
2141 8734415 5300
2142 8739715 6573
2143 8746288 3916
2144 8750204 6296
2145 8756500 4986
2146 8761486 6875
2147 8768361 4201
2148 8772562 8188
2149 8780750 5013
2150 8785763 4517
2151 8790280 33876
2152 8824156 1966
2153 8826122 4426
2154 8830548 5784
2155 8836332 4172
2156 8840504 2256
2157 8842760 21317
2158 8864077 5188
2159 8869265 4761
2160 8874026 4388
2161 8878414 2213
2162 8880627 4541
2163 8885168 4283
2164 8889451 5617
2165 8895068 4343
2166 8899411 22403
2167 8921814 4696
2168 8926510 3930
2169 8930440 5098
2170 8935538 2135
2171 8937673 4569
2172 8942242 5392
2173 8947634 5521
2174 8953155 3127
2175 8956282 5149
2176 8961431 5610
2177 8967041 6220
2178 8973261 3482
2179 8976743 5204
2180 8981947 4754
2181 8986701 4833
2182 8991534 3757
2183 8995291 6857
2184 9002148 4841
2185 9006989 4479
2186 9011468 2303
2187 9013771 24896
2188 9038667 4786
2189 9043453 5058
2190 9048511 9459
2191 9057970 10310
2192 9068280 4172
2193 9072452 4340
2194 9076792 3935
2195 9080727 5933
2196 9086660 24243
2197 9110903 2324
2198 9113227 5161
2199 9118388 5174
2200 9123562 5448
2201 9129010 3966
2202 9132976 3300
2203 9136276 3841
2204 9140117 4608
2205 9144725 4901
2206 9149626 18961
2207 9168587 2344
2208 9170931 4725
2209 9175656 8011
2210 9183667 7920
2211 9191587 2848
2212 9194435 5076
2213 9199511 7536
2214 9207047 5107
2215 9212154 5859
2216 9218013 6204
2217 9224217 3860
2218 9228077 7653
2219 9235730 4702
2220 9240432 4470
2221 9244902 3598
2222 9248500 7395
2223 9255895 5048
2224 9260943 5056
2225 9265999 23735
2226 9289734 2309
2227 9292043 3819
2228 9295862 6740
2229 9302602 4734
2230 9307336 4945
2231 9312281 3475
2232 9315756 15533
2233 9331289 4783
2234 9336072 4037
2235 9340109 4087
2236 9344196 2150
2237 9346346 4612
2238 9350958 9045
2239 9360003 4131
2240 9364134 4527
2241 9368661 4570
2242 9373231 3028
2243 9376259 8978
2244 9385237 8220
2245 9393457 2378
2246 9395835 3749
2247 9399584 5199
2248 9404783 5178
2249 9409961 4892
2250 9414853 18938
2251 9433791 4780
2252 9438571 6385
2253 9444956 2732
2254 9447688 3436
2255 9451124 5213
2256 9456337 2812
2257 9459149 10975
2258 9470124 4482
2259 9474606 5721
2260 9480327 4326
2261 9484653 3305
2262 9487958 6040
2263 9493998 4822
2264 9498820 4293
2265 9503113 3948
2266 9507061 5473
2267 9512534 4751
2268 9517285 5740
2269 9523025 22331
2270 9545356 2533
2271 9547889 4502
2272 9552391 4370
2273 9556761 5246
2274 9562007 2591
2275 9564598 4362
2276 9568960 3709
2277 9572669 4337
2278 9577006 6223
2279 9583229 26850
2280 9610079 2526
2281 9612605 5328
2282 9617933 5151
2283 9623084 15989
2284 9639073 2168
2285 9641241 2531
2286 9643772 4095
2287 9647867 3176
2288 9651043 4176
2289 9655219 3600
2290 9658819 10996
2291 9669815 10443
2292 9680258 5485
2293 9685743 13109
2294 9698852 4776
2295 9703628 5711
2296 9709339 7575
2297 9716914 7820
2298 9724734 5364
2299 9730098 7457
2300 9737555 4472
2301 9742027 3521
2302 9745548 4449
2303 9749997 6676
2304 9756673 4940
2305 9761613 31982
2306 9793595 2263
2307 9795858 13173
2308 9809031 11049
2309 9820080 7189
2310 9827269 3643
2311 9830912 12561
2312 9843473 4446
2313 9847919 2961
2314 9850880 8461
2315 9859341 2707
2316 9862048 3289
2317 9865337 2278
2318 9867615 4424
2319 9872039 16414
2320 9888453 2334
2321 9890787 4301
2322 9895088 7296
2323 9902384 4378
2324 9906762 1991
2325 9908753 5634
2326 9914387 21784
2327 9936171 2327
2328 9938498 1952
2329 9940450 2457
2330 9942907 2820
2331 9945727 18595
2332 9964322 4316
2333 9968638 6585
2334 9975223 9900
2335 9985123 4700
2336 9989823 4497
2337 9994320 3846
2338 9998166 1950
2339 10000116 6778
2340 10006894 2744
2341 10009638 5072
2342 10014710 3331
2343 10018041 7208
2344 10025249 3620
2345 10028869 4913
2346 10033782 7061
2347 10040843 4645
2348 10045488 5718
2349 10051206 4405
2351 10055611 22532
2352 10078143 4680
2353 10082823 3834
2354 10086657 13562
2355 10100219 2086
2356 10102305 2089
2357 10104394 2197
2358 10106591 3006
2359 10109597 1748
2360 10111345 19555
2361 10130900 4531
2362 10135431 3842
2363 10139273 4764
2364 10144037 2726
2365 10146763 2512
2366 10149275 2280
2367 10151555 3000
2368 10154555 2428
2369 10156983 3023
2370 10160006 22868
2371 10182874 4554
2372 10187428 7341
2373 10194769 2298
2374 10197067 4119
2375 10201186 2029
2376 10203215 2055
2377 10205270 3828
2378 10209098 6181
2379 10215279 5863
2380 10221142 4419
2381 10225561 4751
2382 10230312 5353
2383 10235665 3876
2384 10239541 4839
2385 10244380 4579
2386 10248959 24636
2387 10273595 2282
2388 10275877 4169
2389 10280046 4169
2390 10284215 4683
2391 10288898 2685
2392 10291583 2295
2393 10293878 2485
2394 10296363 2485
2395 10298848 2890
2396 10301738 16764
2397 10318502 4510
2398 10323012 4533
2399 10327545 2133
2400 10329678 8379
2402 10338057 2939
2403 10340996 2853
2404 10343849 2913
2405 10346762 20582
2406 10367344 5457
2407 10372801 4202
2408 10377003 10156
2409 10387159 10928
2410 10398087 2338
2411 10400425 4592
2412 10405017 2924
2413 10407941 5251
2414 10413192 4070
2415 10417262 6630
2416 10423892 6838
2417 10430730 3499
2418 10434229 4250
2419 10438479 3206
2420 10441685 4809
2421 10446494 1987
2422 10448481 5155
2423 10453636 23889
2424 10477525 2237
2425 10479762 4042
2426 10483804 4310
2427 10488114 215
2428 10488329 2470
2429 10490799 15660
2430 10506459 2311
2431 10508770 3188
2432 10511958 4226
2433 10516184 2723
2434 10518907 2526
2435 10521433 21519
2436 10542952 4225
2437 10547177 16528
2438 10563705 4084
2439 10567789 2297
2440 10570086 4302
2441 10574388 17149
2442 10591537 4626
2443 10596163 2150
2444 10598313 13013
2445 10611326 9784
2446 10621110 5311
2447 10626421 5616
2448 10632037 3024
2449 10635061 4303
2450 10639364 9050
2451 10648414 5659
2452 10654073 5182
2453 10659255 7155
2454 10666410 6891
2455 10673301 6701
2456 10680002 5223
2457 10685225 29427
2458 10714652 3322
2459 10717974 3988
2460 10721962 5569
2461 10727531 2702
2462 10730233 7652
2463 10737885 1974
2464 10739859 2352
2465 10742211 3052
2466 10745263 4439
2467 10749702 3094
2468 10752796 2713
2469 10755509 3867
2470 10759376 2984
2471 10762360 21315
2472 10783675 5736
2473 10789411 7477
2474 10796888 4211
2475 10801099 4681
2476 10805780 1974
2477 10807754 6260
2478 10814014 2912
2479 10816926 2538
2480 10819464 2260
2481 10821724 3118
2482 10824842 13824
2483 10838666 4283
2484 10842949 4691
2485 10847640 1887
2486 10849527 4534
2487 10854061 5647
2488 10859708 2325
2489 10862033 2465
2490 10864498 4669
2491 10869167 3610
2492 10872777 9133
2493 10881910 7541
2494 10889451 4169
2495 10893620 5309
2496 10898929 3042
2497 10901971 16008
2498 10917979 5047
2499 10923026 6046
2500 10929072 4424
2501 10933496 2307
2502 10935803 2729
2503 10938532 2061
2504 10940593 2899
2505 10943492 2513
2506 10946005 12969
2507 10958974 4786
2508 10963760 4862
2509 10968622 7339
2510 10975961 2071
2511 10978032 6226
2512 10984258 12390
2513 10996648 5922
2514 11002570 5299
2516 11007869 7423
2517 11015292 2292
2518 11017584 3195
2519 11020779 2517
2520 11023296 2770
2521 11026066 17455
2522 11043521 4128
2523 11047649 5275
2524 11052924 2388
2525 11055312 2365
2526 11057677 6473
2527 11064150 7232
2528 11071382 4656
2529 11076038 3655
2530 11079693 1913
2531 11081606 4084
2532 11085690 4527
2533 11090217 2731
2534 11092948 4399
2535 11097347 5183
2536 11102530 2202
2537 11104732 22407
2539 11127139 4005
2540 11131144 3733
2541 11134877 4141
2542 11139018 2810
2543 11141828 2488
2544 11144316 16998
2545 11161314 5086
2546 11166400 3347
2547 11169747 2213
2548 11171960 1627
2549 11173587 2564
2550 11176151 3557
2551 11179708 14503
2552 11194211 3871
2553 11198082 12943
2554 11211025 4638
2555 11215663 3452
2556 11219115 2153
2557 11221268 5338
2558 11226606 1986
2559 11228592 2502
2560 11231094 3104
2561 11234198 14996
2562 11249194 3765
2563 11252959 4643
2564 11257602 3570
2565 11261172 2517
2566 11263689 2823
2567 11266512 4680
2568 11271192 8273
2569 11279465 6724
2570 11286189 9428
2571 11295617 3605
2572 11299222 3791
2573 11303013 3966
2574 11306979 2286
2575 11309265 7715
2576 11316980 21546
2577 11338526 9811
2578 11348337 7058
2579 11355395 5198
2580 11360593 5215
2581 11365808 6050
2582 11371858 5963
2583 11377821 6035
2584 11383856 3608
2585 11387464 4377
2586 11391841 4779
2587 11396620 4714
2588 11401334 5061
2589 11406395 4809
2590 11411204 2500
2591 11413704 2318
2592 11416022 4711
2593 11420733 21810
2594 11442543 1477
2595 11444020 5124
2596 11449144 7825
2597 11456969 5312
2598 11462281 10993
2599 11473274 1836
2600 11475110 7256
2601 11482366 3683
2602 11486049 7915
2603 11493964 485
2607 11494449 3881
2608 11498330 759
2609 11499089 879
2610 11499968 5670
2611 11505638 1496
2612 11507134 2143
2613 11509277 2621
2614 11511898 3666
2615 11515564 3269
2616 11518833 2090
2617 11520923 4849
2618 11525772 10113
2619 11535885 595
2620 11536480 3163
2621 11539643 3457
2622 11543100 5314
2623 11548414 3766
2624 11552180 6241
2625 11558421 9836
2626 11568257 2083
2627 11570340 1638
2628 11571978 3127
2629 11575105 5574
2630 11580679 3670
2631 11584349 1989
2632 11586338 4393
2633 11590731 1372
2634 11592103 9441
2635 11601544 4572
2636 11606116 2585
2637 11608701 3576
2638 11612277 1785
2639 11614062 1490
2640 11615552 1506
2641 11617058 4713
2642 11621771 2896
2643 11624667 8545
2644 11633212 7769
2645 11640981 5302
2646 11646283 3044
2647 11649327 7153
2648 11656480 1207
2649 11657687 2805
2650 11660492 2592
2651 11663084 1952
2652 11665036 2319
2653 11667355 534
2654 11667889 5872
2655 11673761 525
2656 11674286 2077
2657 11676363 6614
2658 11682977 5873
2659 11688850 2521
2660 11691371 3076
2661 11694447 8932
2662 11703379 3615
2664 11706994 3041
2665 11710035 8935
2666 11718970 4021
2667 11722991 3383
2668 11726374 3623
2669 11729997 1479
2670 11731476 4478
2671 11735954 1029
2672 11736983 1781
2673 11738764 5588
2674 11744352 2098
2675 11746450 1801
2676 11748251 15814
2677 11764065 5913
2678 11769978 2260
2679 11772238 2624
2680 11774862 5395
2681 11780257 3923
2682 11784180 13726
2683 11797906 3826
2684 11801732 1855
2685 11803587 3624
2686 11807211 6556
2687 11813767 2965
2688 11816732 558
2689 11817290 4678
2690 11821968 4543
2691 11826511 2711
2692 11829222 4730
2693 11833952 2162
2694 11836114 745
2695 11836859 2003
2696 11838862 3124
2697 11841986 6312
2698 11848298 998
2699 11849296 6679
2700 11855975 953
2701 11856928 1162
2703 11858090 6314
2704 11864404 2843
2705 11867247 5072
2706 11872319 9103
2707 11881422 7390
2708 11888812 1848
2710 11890660 3623
2711 11894283 1527
2712 11895810 651
2713 11896461 3308
2715 11899769 2887
2716 11902656 2225
2717 11904881 5706
2719 11910587 4413
2720 11915000 701
2721 11915701 2571
2722 11918272 1556
2724 11919828 2531
2725 11922359 4387
2726 11926746 2924
2727 11929670 5422
2728 11935092 5857
2729 11940949 4460
2730 11945409 2767
2731 11948176 2086
2732 11950262 1084
2733 11951346 823
2734 11952169 2647
2735 11954816 5772
2736 11960588 962
2737 11961550 1826
2738 11963376 1753
2739 11965129 7524
2740 11972653 1222
2741 11973875 2229
2742 11976104 2438
2743 11978542 1401
2744 11979943 580
2745 11980523 5018
2746 11985541 6112
2747 11991653 11614
2748 12003267 1232
2749 12004499 2361
2751 12006860 1281
2752 12008141 2201
2753 12010342 2820
2754 12013162 5189
2755 12018351 2444
2756 12020795 3030
2757 12023825 20076
2758 12043901 2858
2759 12046759 1630
2760 12048389 2265
2761 12050654 1771
2762 12052425 1480
2763 12053905 7346
2764 12061251 4600
2765 12065851 12580
2766 12078431 2416
2767 12080847 1839
2768 12082686 1460
2769 12084146 3128
2770 12087274 1387
2771 12088661 3878
2773 12092539 1147
2774 12093686 1354
2775 12095040 2405
2776 12097445 1977
2777 12099422 2379
2778 12101801 3454
2779 12105255 985
2780 12106240 7300
2781 12113540 5204
2782 12118744 6557
2783 12125301 4433
2784 12129734 3707
2785 12133441 2755
2786 12136196 30787
2787 12166983 3961
2788 12170944 5246
2789 12176190 2864
2790 12179054 1971
2791 12181025 4732
2792 12185757 1235
2793 12186992 2567
2794 12189559 474
2795 12190033 3156
2796 12193189 2113
2797 12195302 10159
2798 12205461 1130
2799 12206591 1348
2800 12207939 5169
2801 12213108 2535
2802 12215643 6635
2803 12222278 7800
2804 12230078 1422
2805 12231500 1770
2806 12233270 2244
2807 12235514 3413
2808 12238927 1858
2809 12240785 2104
2810 12242889 6025
2811 12248914 2079
2812 12250993 1462
2813 12252455 1113
2814 12253568 3177
2815 12256745 6317
2816 12263062 1964
2817 12265026 2396
2818 12267422 2613
2819 12270035 2609
2820 12272644 3603
2821 12276247 1392
2822 12277639 8472
2823 12286111 3894
2824 12290005 1468
2825 12291473 10386
2826 12301859 4099
2827 12305958 7192
2829 12313150 3377
2830 12316527 6519
2831 12323046 4396
2832 12327442 4679
2833 12332121 3013
2834 12335134 1333
2835 12336467 3071
2836 12339538 1953
2837 12341491 1674
2838 12343165 1721
2840 12344886 2067
2841 12346953 2131
2842 12349084 990
2843 12350074 1895
2844 12351969 3954
2845 12355923 2204
2846 12358127 5382
2847 12363509 1747
2848 12365256 1894
2849 12367150 2546
2850 12369696 2196
2851 12371892 2379
2852 12374271 2173
2853 12376444 1793
2854 12378237 2385
2855 12380622 6010
2856 12386632 4973
2858 12391605 13727
2859 12405332 5365
2860 12410697 982
2861 12411679 14457
2862 12426136 1860
2863 12427996 1596
2864 12429592 1084
2865 12430676 1486
2866 12432162 1767
2867 12433929 6066
2868 12439995 2988
2869 12442983 3071
2870 12446054 2389
2871 12448443 1961
2872 12450404 2848
2873 12453252 5397
2874 12458649 15307
2875 12473956 7221
2876 12481177 3344
2877 12484521 3236
2878 12487757 2546
2879 12490303 2938
2880 12493241 1347
2881 12494588 2299
2882 12496887 5253
2883 12502140 1611
2884 12503751 1299
2886 12505050 1990
2887 12507040 2066
2888 12509106 2605
2889 12511711 2030
2890 12513741 1494
2891 12515235 1493
2892 12516728 1399
2893 12518127 2483
2896 12520610 4246
2897 12524856 3606
2899 12528462 3052
2900 12531514 4817
2902 12536331 2624
2903 12538955 2725
2904 12541680 3573
2905 12545253 3472
2906 12548725 19843
2907 12568568 4013
2908 12572581 1264
2911 12573845 5346
2912 12579191 4319
2913 12583510 3794
2914 12587304 4370
2915 12591674 3070
2917 12594744 4305
2918 12599049 3750
2919 12602799 3181
2920 12605980 3997
2921 12609977 4163
2922 12614140 3546
2923 12617686 3662
2924 12621348 3809
2925 12625157 4004
2926 12629161 3474
2927 12632635 4327
2928 12636962 10501
2929 12647463 3778
2930 12651241 4738
2931 12655979 3519
2932 12659498 4035
2933 12663533 4790
2934 12668323 4200
2935 12672523 3969
2936 12676492 3493
2937 12679985 2860
2938 12682845 3093
2939 12685938 3134
2940 12689072 4062
2941 12693134 3268
2942 12696402 19344
2943 12715746 4356
2944 12720102 3404
2945 12723506 1558
2946 12725064 3456
2947 12728520 3518
2948 12732038 19531
2949 12751569 4686
2950 12756255 1522
2951 12757777 3428
2952 12761205 4869
2953 12766074 4163
2954 12770237 3358
2955 12773595 1237
2956 12774832 3469
2957 12778301 5459
2958 12783760 3791
2959 12787551 5093
2960 12792644 3185
2961 12795829 3289
2962 12799118 3640
2963 12802758 3731
2964 12806489 3488
2965 12809977 2738
2966 12812715 3239
2967 12815954 3649
2968 12819603 3196
2969 12822799 3549
2970 12826348 18929
2971 12845277 4511
2972 12849788 3783
2973 12853571 3620
2974 12857191 1598
2975 12858789 4330
2976 12863119 1243
2977 12864362 937
2978 12865299 2960
2979 12868259 4068
2980 12872327 3543
2981 12875870 2851
2982 12878721 3531
2983 12882252 2614
2984 12884866 1115
2985 12885981 4223
2986 12890204 19795
2988 12909999 4823
2989 12914822 3333
2990 12918155 4808
2991 12922963 3314
2993 12926277 3647
2994 12929924 1040
2995 12930964 1097
2997 12932061 2166
2998 12934227 1941
3000 12936168 6202
3002 12942370 638
3004 12943008 3086
3005 12946094 1241
3006 12947335 2306
3008 12949641 3486
3009 12953127 4112
3010 12957239 4327
3011 12961566 6284
3012 12967850 3759
3013 12971609 721
3014 12972330 4282
3015 12976612 4086
3016 12980698 548
3017 12981246 1008
3018 12982254 1601
3019 12983855 3666
3020 12987521 3593
3021 12991114 4810
3022 12995924 2705
3023 12998629 2086
3024 13000715 3139
3025 13003854 813
3028 13004667 3154
3029 13007821 2392
3030 13010213 2690
3032 13012903 2558
3033 13015461 4037
3034 13019498 2050
3035 13021548 1868
3036 13023416 4437
3037 13027853 1433
3038 13029286 4417
3039 13033703 3888
3040 13037591 5681
3042 13043272 4526
3046 13047798 6436
3047 13054234 2545
3048 13056779 3453
3049 13060232 2718
3052 13062950 778
3053 13063728 9096
3055 13072824 2214
3056 13075038 2532
3057 13077570 2401
3059 13079971 1355
3061 13081326 2953
3062 13084279 10147
3063 13094426 1287
3064 13095713 3973
3065 13099686 1123
3066 13100809 468
3067 13101277 10767
3068 13112044 1844
3069 13113888 3379
3070 13117267 3345
3071 13120612 3581
3072 13124193 9687
3073 13133880 2194
3074 13136074 1121
3075 13137195 787
3076 13137982 1057
3077 13139039 1840
3078 13140879 8506
3079 13149385 3460
3080 13152845 6338
3081 13159183 4812
3082 13163995 5608
3083 13169603 1716
3084 13171319 5362
3085 13176681 1700
3086 13178381 1730
3087 13180111 6839
3088 13186950 2772
3089 13189722 1509
3090 13191231 2075
3091 13193306 2592
3092 13195898 2586
3093 13198484 3766
3094 13202250 1610
3095 13203860 2816
3096 13206676 944
3097 13207620 1094
3098 13208714 15470
3099 13224184 6410
3100 13230594 13932
3101 13244526 743
3102 13245269 2777
3103 13248046 2057
3104 13250103 2603
3105 13252706 2782
3106 13255488 1775
3107 13257263 19954
3108 13277217 9078
3109 13286295 3586
3110 13289881 3579
3111 13293460 3411
3112 13296871 2102
3113 13298973 3346
3114 13302319 423
3116 13302742 2905
3118 13305647 1806
3119 13307453 4091
3121 13311544 2964
3122 13314508 925
3123 13315433 686
3125 13316119 3830
3126 13319949 28572
3127 13348521 4191
3128 13352712 7374
3129 13360086 9291
3130 13369377 30158
3131 13399535 19601
3132 13419136 953
3133 13420089 615
3134 13420704 2330
3135 13423034 1622
3136 13424656 4972
3137 13429628 3324
3138 13432952 4061
3139 13437013 2508
3140 13439521 4603
3141 13444124 1149
3142 13445273 2002
3143 13447275 669
3144 13447944 414
3145 13448358 9883
3146 13458241 2298
3147 13460539 854
3149 13461393 3526
3150 13464919 907
3151 13465826 2579
3152 13468405 3109
3153 13471514 329
3154 13471843 7193
3155 13479036 18954
3156 13497990 5689
3157 13503679 1307
3158 13504986 2186
3159 13507172 2354
3160 13509526 2617
3163 13512143 8969
3164 13521112 3632
3166 13524744 2353
3167 13527097 21990
3168 13549087 848
3169 13549935 384
3170 13550319 1150
3171 13551469 3829
3172 13555298 1126
3173 13556424 3523
3174 13559947 3261
3175 13563208 1583
3176 13564791 1351
3177 13566142 2024
3178 13568166 2150
3180 13570316 1298
3181 13571614 3884
3182 13575498 531
3183 13576029 6452
3184 13582481 2567
3185 13585048 3658
3186 13588706 796
3187 13589502 1270
3188 13590772 2393
3189 13593165 667
3190 13593832 773
3191 13594605 5000
3192 13599605 2817
3193 13602422 2707
3194 13605129 1253
3195 13606382 1108
3196 13607490 866
3197 13608356 984
3198 13609340 1001
3199 13610341 2364
3200 13612705 1747
3201 13614452 1154
3202 13615606 908
3203 13616514 1137
3204 13617651 1362
3205 13619013 1004
3206 13620017 1952
3207 13621969 2625
3208 13624594 1279
3209 13625873 2744
3210 13628617 2821
3211 13631438 3000
3212 13634438 1064
3213 13635502 3620
3214 13639122 2541
3215 13641663 4313
3216 13645976 3345
3217 13649321 5908
3218 13655229 3313
3219 13658542 925
3220 13659467 2331
3221 13661798 4620
3222 13666418 2316
3223 13668734 805
3224 13669539 5832
3225 13675371 1237
3226 13676608 6040
3227 13682648 879
3228 13683527 1622
3229 13685149 878
3230 13686027 3290
3231 13689317 6398
3232 13695715 832
3233 13696547 3422
3234 13699969 4056
3235 13704025 1253
3236 13705278 1087
3237 13706365 1807
3238 13708172 1540
3239 13709712 2501
3240 13712213 2500
3241 13714713 1753
3242 13716466 1384
3243 13717850 2912
3244 13720762 2445
3245 13723207 1573
3246 13724780 1866
3247 13726646 1086
3248 13727732 957
3249 13728689 3365
3250 13732054 1963
3251 13734017 1936
3252 13735953 2230
3253 13738183 1959
3254 13740142 3116
3255 13743258 1796
3256 13745054 3193
3258 13748247 523
3259 13748770 1110
3260 13749880 815
3261 13750695 2570
3262 13753265 1062
3263 13754327 2274
3264 13756601 1866
3265 13758467 1429
3266 13759896 729
3267 13760625 1681
3268 13762306 2538
3269 13764844 1570
3270 13766414 2289
3271 13768703 2389
3272 13771092 2251
3273 13773343 1072
3274 13774415 2519
3275 13776934 1429
3276 13778363 4173
3277 13782536 2111
3278 13784647 1796
3280 13786443 4213
3281 13790656 544
3282 13791200 836
3283 13792036 2566
3284 13794602 4224
3285 13798826 3556
3286 13802382 911
3288 13803293 3516
3289 13806809 1226
3290 13808035 2398
3291 13810433 2651
3292 13813084 5001
3293 13818085 6544
3299 13824629 8645
3300 13833274 4040
3301 13837314 7538
3302 13844852 38468
3304 13883320 17865
3305 13901185 5293
3306 13906478 2775
3307 13909253 10546
3308 13919799 3789
3309 13923588 4727
3310 13928315 5412
3311 13933727 4830
3312 13938557 5250
3313 13943807 6733
3314 13950540 6489
3315 13957029 4684
3316 13961713 4155
3317 13965868 8955
3318 13974823 8401
3319 13983224 5479
3320 13988703 4278
3321 13992981 7436
3322 14000417 7906
3323 14008323 5654
3325 14013977 4470
3326 14018447 4964
3334 14023411 6339
3337 14029750 3484
3341 14033234 11914
3342 14045148 4243
3343 14049391 8218
3344 14057609 7853
3345 14065462 7993
3346 14073455 7306
3347 14080761 1637
3348 14082398 5256
3349 14087654 16426
3350 14104080 4613
3351 14108693 9432
3352 14118125 5313
3357 14123438 5558
3364 14128996 18422
3366 14147418 5369
3367 14152787 3402
3368 14156189 11475
3369 14167664 7881
3373 14175545 2135
3374 14177680 2869
3375 14180549 3667
3377 14184216 19758
3379 14203974 4303
3380 14208277 3528
3381 14211805 12563
3382 14224368 6787
3383 14231155 25756
3384 14256911 11225
3385 14268136 7098
3387 14275234 5952
3388 14281186 6355
3389 14287541 23570
3392 14311111 4114
3393 14315225 5739
3394 14320964 9715
3395 14330679 7148
3396 14337827 8122
3397 14345949 17864
3398 14363813 15543
3399 14379356 7370
3401 14386726 3897
3402 14390623 33342
3403 14423965 2397
3404 14426362 2279
3405 14428641 4723
3406 14433364 3572
3407 14436936 2517
3408 14439453 4070
3409 14443523 2480
3410 14446003 6071
3411 14452074 8306
3412 14460380 5885
3413 14466265 5666
3414 14471931 7374
3415 14479305 15607
3416 14494912 7270
3417 14502182 10301
3418 14512483 362
3419 14512845 12101
3420 14524946 6816
3421 14531762 16841
3432 14548603 2829
3433 14551432 8739
3434 14560171 4109
3435 14564280 6037
3436 14570317 9705
3437 14580022 7221
3438 14587243 8102
3439 14595345 23978
3440 14619323 15979
3441 14635302 7390
3442 14642692 5823
3443 14648515 5559
3444 14654074 7400
3445 14661474 10306
3446 14671780 11980
3447 14683760 7373
3448 14691133 3711
3449 14694844 5159
3450 14700003 9726
3451 14709729 7109
3452 14716838 7613
3453 14724451 16618
3455 14741069 7370
3456 14748439 286
3457 14748725 309
3458 14749034 5763
3459 14754797 5698
3460 14760495 280
3461 14760775 302
3462 14761077 1726
3463 14762803 7373
3464 14770176 10071
3465 14780247 55261
3467 14835508 5398
3468 14840906 8829
3469 14849735 7578
3470 14857313 6432
3471 14863745 16266
3472 14880011 6986
3473 14886997 5403
3474 14892400 5284
3475 14897684 6836
3476 14904520 6839
3478 14911359 11764
3479 14923123 6816
3491 14929939 3159
3492 14933098 7959
3493 14941057 3777
3494 14944834 5410
3495 14950244 10438
3496 14960682 7484
3497 14968166 8217
3498 14976383 24582
3499 15000965 15451
3500 15016416 6827
3501 15023243 5427
3502 15028670 5145
3503 15033815 3468
3504 15037283 6822
3505 15044105 3482
3506 15047587 2945
3507 15050532 3620
3508 15054152 10153
3509 15064305 15076
3510 15079381 11811
3511 15091192 6815
3512 15098007 13919
3513 15111926 14229
3514 15126155 4927
3515 15131082 3693
3516 15134775 5254
3517 15140029 10027
3518 15150056 7502
3519 15157558 8265
3520 15165823 16764
3521 15182587 15461
3522 15198048 6815
3523 15204863 5481
3524 15210344 5445
3525 15215789 5176
3526 15220965 6806
3528 15227771 11753
3529 15239524 6808
3530 15246332 3749
3531 15250081 5248
3532 15255329 10008
3533 15265337 7456
3534 15272793 8279
3535 15281072 17001
3538 15298073 5544
3539 15303617 5240
3540 15308857 6815
3542 15315672 16166
3543 15331838 6802
3544 15338640 11749
3545 15350389 6792
3547 15357181 15541
3548 15372722 3388
3549 15376110 8056
3550 15384166 3651
3551 15387817 5438
3552 15393255 10016
3554 15403271 8295
3555 15411566 23508
3556 15435074 5538
3557 15440612 5221
3558 15445833 6789
3559 15452622 6876
3561 15459498 11929
3563 15471427 6806
3564 15478233 3639
3565 15481872 5302
3566 15487174 10006
3567 15497180 7431
3568 15504611 8212
3569 15512823 17484
3570 15530307 15530
3571 15545837 6780
3572 15552617 5572
3573 15558189 5136
3574 15563325 6772
3576 15570097 8888
3577 15578985 11788
3578 15590773 6783
3579 15597556 3108
3580 15600664 3657
3581 15604321 5480
3582 15609801 10013
3583 15619814 7396
3585 15627210 16989
3586 15644199 6769
3587 15650968 15529
3588 15666497 9155
3589 15675652 5557
3590 15681209 5227
3591 15686436 6780
3592 15693216 16312
3593 15709528 6783
3594 15716311 9402
3595 15725713 11814
3608 15737527 3408
3609 15740935 8019
3610 15748954 3847
3611 15752801 5678
3612 15758479 10008
3613 15768487 7482
3614 15775969 8274
3615 15784243 24420
3616 15808663 15532
3617 15824195 5873
3618 15830068 10564
3619 15840632 7075
3620 15847707 5549
3621 15853256 5190
3622 15858446 3622
3623 15862068 6806
3624 15868874 9830
3625 15878704 11838
3626 15890542 6814
3627 15897356 3592
3628 15900948 5494
3629 15906442 10041
3630 15916483 7516
3631 15923999 8218
3632 15932217 17413
3633 15949630 15617
3634 15965247 6807
3635 15972054 5624
3636 15977678 5305
3637 15982983 6870
3638 15989853 9144
3639 15998997 11905
3640 16010902 6878
3641 16017780 4224
3642 16022004 15596
3643 16037600 6075
3644 16043675 5744
3645 16049419 10627
3646 16060046 3546
3647 16063592 5492
3648 16069084 10047
3650 16079131 8232
3651 16087363 16728
3652 16104091 7122
3653 16111213 5602
3654 16116815 5251
3655 16122066 7138
3656 16129204 17146
3658 16146350 3287
3659 16149637 6512
3661 16156149 11896
3662 16168045 7106
3674 16175151 8046
3675 16183197 2758
3676 16185955 3311
3677 16189266 5728
3678 16194994 10059
3679 16205053 7529
3680 16212582 8381
3681 16220963 22531
3682 16243494 15553
3683 16259047 7135
3684 16266182 5554
3685 16271736 5107
3686 16276843 7145
3687 16283988 10250
3688 16294238 11717
3689 16305955 7054
3690 16313009 15195
3691 16328204 2509
3692 16330713 4768
3693 16335481 9200
3694 16344681 6865
3695 16351546 7698
3696 16359244 16152
3697 16375396 15445
3698 16390841 7061
3699 16397902 3043
3700 16400945 5422
3701 16406367 5267
3703 16411634 9495
3704 16421129 56621
3706 16477750 15601
3707 16493351 5743
3709 16499094 4966
3710 16504060 4952
3712 16509012 13061
3713 16522073 10287
3714 16532360 3477
3715 16535837 7101
3716 16542938 3191
3717 16546129 6797
3718 16552926 3349
3728 16556275 9627
3729 16565902 2030
3730 16567932 1863
3731 16569795 2660
3732 16572455 3201
3733 16575656 9602
3734 16585258 3468
3735 16588726 8367
3736 16597093 2148
3737 16599241 1738
3738 16600979 1063
3740 16602042 1068
3741 16603110 1377
3742 16604487 5350
3743 16609837 4996
3744 16614833 2163
3745 16616996 1750
3746 16618746 4022
3747 16622768 2331
3748 16625099 2267
3751 16627366 1497
3752 16628863 4283
3753 16633146 1276
3754 16634422 1242
3755 16635664 1420
3756 16637084 1697
3757 16638781 5180
3758 16643961 2531
3760 16646492 3186
3761 16649678 10866
3767 16660544 7018
3768 16667562 1871
3769 16669433 7299
3770 16676732 3341
3771 16680073 1925
3772 16681998 12853
3774 16694851 4675
3775 16699526 1386
3776 16700912 2482
3777 16703394 2327
3778 16705721 2160
3779 16707881 3626
3780 16711507 1399
3781 16712906 11091
3782 16723997 1178
3783 16725175 683
3784 16725858 4749
3785 16730607 2049
3786 16732656 1304
3787 16733960 912
3788 16734872 7395
3789 16742267 3115
3790 16745382 1903
3791 16747285 2885
3792 16750170 981
3793 16751151 1324
3794 16752475 1365
3795 16753840 536
3796 16754376 3977
3797 16758353 4619
3798 16762972 4953
3799 16767925 3248
3800 16771173 2208
3801 16773381 869
3802 16774250 797
3803 16775047 1254
3805 16776301 1596
3806 16777897 777
3807 16778674 1689
3808 16780363 12967
3809 16793330 565
3810 16793895 1849
3811 16795744 2479
3812 16798223 2328
3813 16800551 2694
3814 16803245 1658
3815 16804903 629
3816 16805532 2168
3817 16807700 2203
3818 16809903 2206
3819 16812109 2332
3820 16814441 2141
3821 16816582 491
3822 16817073 2435
3823 16819508 1243
3824 16820751 3104
3825 16823855 1567
3826 16825422 717
3827 16826139 1053
3828 16827192 3756
3829 16830948 1648
3830 16832596 2700
3831 16835296 2683
3832 16837979 520
3833 16838499 4146
3834 16842645 6064
3835 16848709 1746
3836 16850455 3583
3837 16854038 2456
3839 16856494 5766
3841 16862260 4932
3842 16867192 913
3843 16868105 1277
3844 16869382 2037
3845 16871419 4060
3846 16875479 3496
3847 16878975 602
3848 16879577 4051
3849 16883628 2903
3850 16886531 2852
3851 16889383 3497
3852 16892880 5599
3853 16898479 4638
3854 16903117 5082
3855 16908199 2710
3856 16910909 9135
3857 16920044 9373
3858 16929417 5541
3859 16934958 2029
3860 16936987 7346
3861 16944333 1997
3864 16946330 2583
3865 16948913 8337
3866 16957250 1313
3867 16958563 1887
3868 16960450 3087
3869 16963537 4518
3870 16968055 2026
3871 16970081 1208
3872 16971289 1226
3873 16972515 5278
3874 16977793 2787
3875 16980580 4018
3876 16984598 1144
3877 16985742 2027
3879 16987769 1344
3880 16989113 2898
3881 16992011 1591
3884 16993602 747
3885 16994349 542
3886 16994891 871
3887 16995762 681
3888 16996443 543
3889 16996986 579
3890 16997565 1348
3891 16998913 3523
3892 17002436 3745
3893 17006181 520
3894 17006701 2088
3895 17008789 1342
3896 17010131 3383
3898 17013514 3265
3899 17016779 5320
3900 17022099 3016
3901 17025115 3800
3902 17028915 3278
3903 17032193 3056
3905 17035249 1951
3906 17037200 3217
3908 17040417 1945
3914 17042362 10042
3916 17052404 3827
3917 17056231 3444
3918 17059675 4217
3919 17063892 1525
3920 17065417 1465
3921 17066882 2360
3922 17069242 1957
3923 17071199 3103
3924 17074302 2765
3926 17077067 2393
3927 17079460 1954
3928 17081414 1564
3929 17082978 2563
3930 17085541 2010
3931 17087551 3747
3932 17091298 944
3933 17092242 1211
3934 17093453 1925
3935 17095378 1439
3936 17096817 3808
3937 17100625 5706
3938 17106331 2238
3939 17108569 2900
3940 17111469 1504
3941 17112973 5751
3942 17118724 2660
3943 17121384 1288
3944 17122672 1271
3945 17123943 1338
3946 17125281 7902
3947 17133183 1714
3948 17134897 2828
3949 17137725 1242
3950 17138967 1431
3951 17140398 5114
3952 17145512 3040
3953 17148552 1300
3954 17149852 2784
3955 17152636 1444
3956 17154080 930
3957 17155010 2771
3958 17157781 1498
3959 17159279 911
3960 17160190 2972
3961 17163162 1222
3962 17164384 8742
3963 17173126 2609
3964 17175735 1628
3965 17177363 2232
3966 17179595 1990
3967 17181585 6235
3968 17187820 2081
3969 17189901 1570
3970 17191471 3152
3971 17194623 4050
3972 17198673 2683
3973 17201356 2882
3974 17204238 1040
3975 17205278 1423
3976 17206701 5495
3977 17212196 1650
3978 17213846 3610
3979 17217456 2070
3980 17219526 5788
3981 17225314 6761
3982 17232075 1210
3983 17233285 1494
3984 17234779 360
3985 17235139 2196
3986 17237335 1742
3987 17239077 2940
3988 17242017 1222
3989 17243239 1963
3990 17245202 917
3991 17246119 1867
3992 17247986 2968
3993 17250954 6870
3994 17257824 2661
3995 17260485 1566
3996 17262051 1770
3997 17263821 1699
3998 17265520 962
3999 17266482 8917
4000 17275399 5584
4001 17280983 5638
4002 17286621 5464
4003 17292085 6694
4004 17298779 2073
4005 17300852 19406
4006 17320258 7666
4007 17327924 1818
4008 17329742 1236
4009 17330978 3016
4010 17333994 1854
4011 17335848 2692
4012 17338540 4170
4013 17342710 1415
4014 17344125 590
4015 17344715 6549
4016 17351264 2413
4017 17353677 1831
4018 17355508 3345
4019 17358853 1889
4020 17360742 13667
4021 17374409 543
4022 17374952 1564
4023 17376516 3049
4024 17379565 2382
4025 17381947 2844
4026 17384791 18383
4027 17403174 8056
4028 17411230 11516
4029 17422746 2042
4030 17424788 3597
4031 17428385 5157
4032 17433542 5325
4033 17438867 5144
4034 17444011 6311
4035 17450322 1031
4036 17451353 7171
4037 17458524 2937
4038 17461461 9501
4039 17470962 4210
4040 17475172 6402
4041 17481574 2881
4042 17484455 1599
4043 17486054 2915
4044 17488969 3394
4045 17492363 1768
4046 17494131 5530
4047 17499661 9072
4048 17508733 2288
4049 17511021 8396
4050 17519417 6783
4051 17526200 6442
4052 17532642 3682
4053 17536324 3375
4054 17539699 2881
4055 17542580 3408
4056 17545988 470
4057 17546458 2163
4058 17548621 3914
4059 17552535 3606
4060 17556141 2905
4061 17559046 3568
4062 17562614 2691
4063 17565305 6547
4064 17571852 9393
4065 17581245 8410
4066 17589655 10496
4067 17600151 9667
4068 17609818 10246
4069 17620064 7931
4070 17627995 5453
4071 17633448 6221
4072 17639669 7471
4073 17647140 3533
4074 17650673 3977
4075 17654650 2374
4076 17657024 1556
4077 17658580 1650
4078 17660230 3149
4079 17663379 3506
4080 17666885 7575
4081 17674460 6331
4082 17680791 5912
4083 17686703 3561
4084 17690264 4587
4085 17694851 3476
4086 17698327 11571
4087 17709898 5122
4088 17715020 6626
4089 17721646 4791
4090 17726437 1069
4091 17727506 4144
4092 17731650 3652
4093 17735302 3434
4094 17738736 4300
4095 17743036 4906
4096 17747942 4566
4097 17752508 7981
4098 17760489 2244
4099 17762733 5527
4100 17768260 4371
4101 17772631 6499
4102 17779130 4771
4103 17783901 2155
4104 17786056 2140
4105 17788196 1490
4106 17789686 3308
4107 17792994 4583
4108 17797577 4135
4109 17801712 6218
4110 17807930 8551
4111 17816481 1851
4112 17818332 5759
4113 17824091 7254
4114 17831345 1281
4115 17832626 3411
4116 17836037 4096
4117 17840133 1630
4118 17841763 7220
4119 17848983 2750
4120 17851733 10105
4121 17861838 4283
4122 17866121 5785
4123 17871906 812
4124 17872718 3743
4125 17876461 1973
